# width height depth
50 50 20
# obstacles (O x y z)
# pads (P x y z)
P 40 36 0
P 13 16 0
P 25 21 0
P 25 10 0
P 28 25 0
P 35 24 0
P 28 36 0
P 35 35 0
P 12 25 0
P 23 24 0
P 30 23 0
P 30 12 0
P 23 35 0
P 18 23 0
P 36 34 0
P 21 19 0
P 21 30 0
P 31 22 0
P 31 33 0
P 15 22 0
P 34 29 0
P 26 32 0
P 26 21 0
P 10 21 0
P 10 10 0
P 17 37 0
P 29 17 0
P 29 28 0
P 39 31 0
P 24 16 0
P 23 25 0
P 38 11 0
P 25 29 0
P 11 25 0
P 32 25 0
P 18 24 0
P 11 36 0
P 37 20 0
P 37 31 0
P 18 13 0
P 20 25 0
P 9 20 0
P 19 34 0
P 14 22 0
P 14 33 0
P 40 17 0
P 40 28 0
P 17 18 0
P 33 29 0
P 10 40 0
P 28 28 0
P 28 17 0
P 12 17 0
P 22 31 0
P 23 16 0
P 36 26 0
P 36 15 0
P 20 15 0
P 36 37 0
P 13 27 0
P 31 14 0
P 31 25 0
P 34 21 0
P 30 34 0
P 37 39 0
P 34 10 0
P 29 9 0
P 39 23 0
P 39 34 0
P 9 39 0
P 16 29 0
P 16 18 0
P 23 17 0
P 11 17 0
P 18 16 0
P 11 28 0
P 12 36 0
P 37 23 0
P 37 12 0
P 24 27 0
P 25 12 0
P 9 12 0
P 35 26 0
P 19 26 0
P 19 15 0
P 38 22 0
P 30 25 0
P 38 33 0
P 14 14 0
P 14 25 0
P 33 21 0
P 33 10 0
P 17 10 0
P 27 24 0
P 28 9 0
P 12 9 0
P 15 24 0
P 40 11 0
P 22 23 0
P 22 12 0
P 10 23 0
P 36 18 0
P 13 19 0
P 13 30 0
P 25 13 0
P 35 27 0
P 30 15 0
P 30 26 0
P 18 26 0
P 9 31 0
P 32 27 0
P 39 15 0
P 21 11 0
P 21 22 0
P 31 36 0
P 16 21 0
P 16 10 0
P 26 24 0
P 26 35 0
P 10 24 0
P 17 29 0
P 11 9 0
P 29 20 0
P 12 28 0
P 40 30 0
P 40 19 0
P 24 19 0
P 11 37 0
P 19 18 0
P 13 38 0
P 38 14 0
P 25 32 0
P 32 17 0
P 20 28 0
P 27 16 0
P 20 17 0
P 27 27 0
P 15 16 0
P 33 32 0
P 40 20 0
P 13 11 0
P 16 40 0
P 28 20 0
P 28 31 0
P 35 19 0
P 29 39 0
P 22 34 0
P 23 30 0
P 30 18 0
P 23 19 0
P 24 38 0
P 18 18 0
P 36 29 0
P 19 37 0
P 21 14 0
P 31 17 0
P 31 28 0
P 15 17 0
P 32 36 0
P 34 13 0
P 26 16 0
P 17 21 0
P 10 16 0
P 27 35 0
P 29 12 0
P 39 26 0
P 39 37 0
P 24 11 0
P 40 39 0
P 25 35 0
P 11 20 0
P 32 20 0
P 35 38 0
P 25 24 0
P 37 15 0
P 12 39 0
P 30 37 0
P 20 9 0
P 19 29 0
P 38 25 0
P 21 33 0
P 14 17 0
P 14 28 0
P 15 36 0
P 33 24 0
P 33 13 0
P 17 13 0
P 34 32 0
P 40 12 0
P 10 35 0
P 28 12 0
P 28 23 0
P 12 12 0
P 29 31 0
P 22 15 0
P 22 26 0
P 23 11 0
P 24 30 0
P 36 21 0
P 36 32 0
P 13 22 0
P 20 10 0
P 23 39 0
P 36 10 0
P 31 9 0
P 31 20 0
P 15 9 0
P 11 39 0
P 18 38 0
P 18 27 0
P 34 16 0
P 37 34 0
P 39 18 0
P 9 23 0
P 32 19 0
P 9 34 0
P 27 18 0
P 14 36 0
P 16 13 0
P 16 24 0
P 23 12 0
P 17 32 0
P 26 27 0
P 26 38 0
P 11 23 0
P 11 12 0
P 18 11 0
P 12 31 0
P 12 20 0
P 24 22 0
P 35 21 0
P 19 21 0
P 19 10 0
P 38 17 0
P 14 9 0
P 31 39 0
P 33 16 0
P 34 24 0
P 27 19 0
P 34 35 0
P 29 23 0
P 22 18 0
P 15 19 0
P 28 32 0
P 10 18 0
P 36 13 0
P 13 14 0
P 16 32 0
P 11 31 0
P 37 26 0
P 30 10 0
P 30 21 0
P 18 10 0
P 9 26 0
P 32 11 0
P 18 21 0
P 9 15 0
P 21 17 0
P 38 36 0
P 31 31 0
P 16 16 0
P 33 35 0
P 26 30 0
P 17 24 0
P 17 35 0
P 27 38 0
P 26 19 0
P 29 15 0
P 39 29 0
P 12 23 0
P 22 37 0
P 40 14 0
P 40 25 0
P 24 14 0
P 11 32 0
P 35 13 0
P 13 33 0
P 38 9 0
P 25 38 0
P 25 27 0
P 32 12 0
P 20 12 0
P 30 29 0
P 20 23 0
P 27 11 0
P 15 11 0
P 21 36 0
P 14 20 0
P 21 25 0
P 40 15 0
P 16 35 0
P 10 38 0
P 28 15 0
P 35 14 0
P 28 26 0
P 29 34 0
P 10 27 0
P 30 13 0
P 23 14 0
P 24 33 0
P 36 24 0
P 21 9 0
P 38 28 0
P 31 12 0
P 31 23 0
P 32 31 0
P 37 37 0
P 26 11 0
P 17 16 0
P 27 30 0
P 39 21 0
P 9 37 0
P 39 10 0
P 14 39 0
P 40 34 0
P 25 19 0
P 11 15 0
P 28 34 0
P 35 22 0
P 12 34 0
P 37 10 0
P 35 33 0
P 30 32 0
P 19 13 0
P 38 20 0
P 21 28 0
P 14 12 0
P 15 31 0
P 33 19 0
P 15 20 0
P 34 27 0
P 34 38 0
P 10 30 0
P 10 19 0
P 28 18 0
P 29 26 0
P 22 10 0
P 29 37 0
P 24 25 0
P 36 16 0
P 23 34 0
P 11 34 0
P 18 33 0
P 18 22 0
P 37 18 0
P 37 29 0
P 39 13 0
P 32 14 0
P 9 18 0
P 19 32 0
P 9 29 0
P 38 39 0
P 27 13 0
P 14 31 0
P 33 38 0
P 26 22 0
P 17 27 0
P 17 38 0
P 40 37 0
P 28 37 0
P 12 26 0
P 12 37 0
P 22 29 0
P 12 15 0
P 35 16 0
P 36 35 0
P 13 25 0
P 13 36 0
P 38 12 0
P 25 30 0
P 20 35 0
P 33 11 0
P 34 30 0
P 34 19 0
P 29 18 0
P 15 14 0
P 39 32 0
P 28 27 0
P 21 39 0
P 10 13 0
P 13 9 0
P 16 38 0
P 16 27 0
P 11 26 0
P 37 21 0
P 24 36 0
P 9 21 0
P 9 10 0
P 19 24 0
P 19 35 0
P 38 31 0
P 31 15 0
P 14 23 0
P 32 34 0
P 33 30 0
P 26 14 0
P 17 19 0
P 17 30 0
P 27 22 0
P 27 33 0
P 20 34 0
P 22 21 0
P 15 33 0
P 22 32 0
P 40 9 0
P 11 27 0
P 10 32 0
P 13 28 0
P 13 17 0
P 25 11 0
P 25 22 0
P 35 36 0
P 34 11 0
P 30 24 0
P 23 36 0
P 30 35 0
P 20 18 0
P 18 35 0
P 9 40 0
P 21 20 0
P 21 31 0
P 31 34 0
P 15 34 0
P 16 19 0
P 16 30 0
P 26 33 0
P 10 33 0
P 28 10 0
P 10 22 0
P 29 29 0
P 23 9 0
P 24 17 0
P 24 28 0
P 19 16 0
P 38 23 0
P 18 36 0
P 32 26 0
P 32 15 0
P 18 25 0
P 37 32 0
P 32 37 0
P 17 11 0
P 20 26 0
P 20 37 0
P 27 25 0
P 9 32 0
P 15 25 0
P 14 34 0
P 40 29 0
P 25 14 0
P 28 29 0
P 35 17 0
P 12 18 0
P 12 29 0
P 35 28 0
P 30 16 0
P 23 28 0
P 36 38 0
P 36 27 0
P 20 27 0
P 13 39 0
P 21 12 0
P 21 23 0
P 31 26 0
P 31 37 0
P 15 15 0
P 15 26 0
P 34 22 0
P 26 25 0
P 34 33 0
P 10 14 0
P 10 25 0
P 29 10 0
P 29 21 0
P 39 35 0
P 39 24 0
P 24 9 0
P 23 29 0
P 25 33 0
P 11 18 0
P 18 28 0
P 11 40 0
P 11 29 0
P 37 13 0
P 18 17 0
P 37 24 0
P 24 39 0
P 9 24 0
P 32 9 0
P 19 38 0
P 19 27 0
P 9 13 0
P 38 34 0
P 14 15 0
P 14 26 0
P 14 37 0
P 33 33 0
P 33 22 0
P 17 22 0
P 40 32 0
P 27 36 0
P 28 21 0
P 12 10 0
P 12 21 0
P 22 35 0
P 22 24 0
P 35 11 0
P 36 19 0
P 36 30 0
P 13 20 0
P 13 31 0
P 25 25 0
P 31 18 0
P 35 39 0
P 34 14 0
P 30 27 0
P 34 25 0
P 30 38 0
P 39 27 0
P 32 28 0
P 32 39 0
P 39 16 0
P 21 34 0
P 28 22 0
P 16 33 0
P 16 11 0
P 26 36 0
P 16 22 0
P 11 10 0
P 11 21 0
P 29 32 0
P 12 40 0
P 37 16 0
P 40 31 0
P 24 20 0
P 24 31 0
P 25 16 0
P 9 16 0
P 35 30 0
P 19 30 0
P 19 19 0
P 38 26 0
P 31 10 0
P 38 37 0
P 14 18 0
P 32 29 0
P 38 15 0
P 33 14 0
P 26 9 0
P 17 14 0
P 27 17 0
P 20 29 0
P 27 28 0
P 15 32 0
P 15 39 0
P 15 28 0
P 22 27 0
P 22 16 0
P 36 11 0
P 13 12 0
P 13 23 0
P 25 17 0
P 35 20 0
P 35 31 0
P 37 35 0
P 30 30 0
P 23 20 0
P 30 19 0
P 23 31 0
P 18 30 0
P 9 35 0
P 18 19 0
P 21 26 0
P 21 15 0
P 31 29 0
P 16 14 0
P 26 39 0
P 26 28 0
P 10 17 0
P 17 33 0
P 26 17 0
P 29 13 0
P 29 24 0
P 39 38 0
P 40 23 0
P 24 23 0
P 24 12 0
P 19 11 0
P 38 18 0
P 25 36 0
P 18 20 0
P 32 21 0
P 32 10 0
P 37 27 0
P 20 21 0
P 20 32 0
P 27 20 0
P 14 29 0
P 33 25 0
P 33 36 0
P 40 24 0
P 25 9 0
P 10 36 0
P 28 35 0
P 35 23 0
P 12 13 0
P 35 12 0
P 28 13 0
P 28 24 0
P 23 23 0
P 30 11 0
P 36 22 0
P 36 33 0
P 31 32 0
P 31 21 0
P 18 39 0
P 15 10 0
P 15 21 0
P 34 17 0
P 26 20 0
P 10 9 0
P 29 16 0
P 39 30 0
P 39 19 0
P 23 13 0
P 16 25 0
P 25 28 0
P 11 13 0
P 11 24 0
P 18 12 0
P 12 32 0
P 37 19 0
P 20 13 0
P 19 22 0
P 38 29 0
P 14 10 0
P 14 32 0
P 14 21 0
P 15 40 0
P 33 17 0
P 33 28 0
P 34 36 0
P 28 16 0
P 12 16 0
P 29 35 0
P 22 19 0
P 22 30 0
P 36 14 0
P 36 25 0
P 13 15 0
P 23 32 0
P 13 26 0
P 31 13 0
P 34 9 0
P 30 22 0
P 37 38 0
P 9 27 0
P 39 11 0
P 32 23 0
P 39 22 0
P 9 38 0
P 21 18 0
P 14 40 0
P 16 17 0
P 26 31 0
P 17 25 0
P 10 20 0
P 17 36 0
P 11 16 0
P 12 24 0
P 12 35 0
P 22 38 0
P 40 26 0
P 37 11 0
P 24 26 0
P 24 15 0
P 35 25 0
P 19 25 0
P 19 14 0
P 13 34 0
P 38 10 0
P 38 21 0
P 25 39 0
P 32 24 0
P 33 9 0
P 17 9 0
P 34 28 0
P 27 12 0
P 20 24 0
P 27 23 0
P 22 11 0
P 15 23 0
P 15 12 0
P 21 37 0
P 10 11 0
P 13 18 0
P 16 36 0
P 35 15 0
P 11 35 0
P 37 30 0
P 23 26 0
P 23 15 0
P 30 14 0
P 24 34 0
P 18 14 0
P 9 19 0
P 19 33 0
P 21 21 0
P 21 10 0
P 31 35 0
P 31 24 0
P 16 9 0
P 26 12 0
P 26 23 0
P 10 12 0
P 27 31 0
P 17 17 0
P 17 28 0
P 29 19 0
P 16 37 0
P 39 33 0
P 40 18 0
P 24 18 0
P 13 37 0
P 25 31 0
P 25 20 0
P 32 16 0
P 18 15 0
P 35 34 0
P 30 33 0
P 20 16 0
P 9 11 0
P 21 29 0
P 14 24 0
P 14 13 0
P 33 20 0
P 16 28 0
P 34 39 0
P 10 31 0
P 28 19 0
P 28 30 0
P 35 18 0
P 29 38 0
P 22 22 0
P 29 27 0
P 23 18 0
P 24 37 0
P 36 17 0
P 36 28 0
P 31 16 0
P 18 34 0
P 32 35 0
P 34 12 0
P 29 11 0
P 39 25 0
P 9 30 0
P 39 14 0
P 27 14 0
P 16 20 0
P 33 39 0
P 26 34 0
P 17 39 0
P 22 13 0
P 40 38 0
P 40 27 0
P 11 19 0
P 35 37 0
P 28 38 0
P 12 27 0
P 12 38 0
P 23 37 0
P 19 17 0
P 36 36 0
P 20 36 0
P 38 13 0
P 38 24 0
P 14 16 0
P 15 35 0
P 33 12 0
P 33 23 0
P 34 20 0
P 27 15 0
P 34 31 0
P 28 11 0
P 29 30 0
P 22 14 0
P 28 39 0
P 36 20 0
P 36 9 0
P 23 27 0
P 13 10 0
P 23 38 0
P 16 39 0
P 18 37 0
P 11 38 0
P 37 33 0
P 30 17 0
P 37 22 0
P 9 22 0
P 9 33 0
P 19 36 0
P 32 18 0
P 21 13 0
P 38 32 0
P 31 27 0
P 14 35 0
P 16 12 0
P 33 31 0
P 26 15 0
P 17 20 0
P 17 31 0
P 27 34 0
P 26 26 0
P 12 19 0
P 12 30 0
P 22 33 0
P 40 21 0
P 40 10 0
P 24 10 0
P 35 9 0
P 19 9 0
P 36 39 0
P 13 40 0
P 38 16 0
P 13 29 0
P 25 34 0
P 25 23 0
P 34 23 0
P 20 19 0
P 30 36 0
P 15 18 0
P 21 32 0
P 16 31 0
P 10 34 0
P 35 10 0
P 11 30 0
P 37 14 0
P 30 9 0
P 23 10 0
P 23 21 0
P 24 29 0
P 18 9 0
P 9 14 0
P 19 28 0
P 38 35 0
P 31 19 0
P 32 38 0
P 26 18 0
P 17 23 0
P 17 12 0
P 20 38 0
P 27 26 0
P 27 37 0
P 39 17 0
P 12 11 0
P 15 37 0
P 40 13 0
P 22 25 0
P 13 21 0
P 25 26 0
P 11 11 0
P 35 29 0
P 25 15 0
P 30 28 0
P 20 11 0
P 20 39 0
P 21 35 0
P 21 24 0
P 31 38 0
P 15 27 0
P 33 15 0
P 15 38 0
P 16 23 0
P 34 34 0
P 26 37 0
P 10 37 0
P 28 14 0
P 10 15 0
P 10 26 0
P 29 33 0
P 29 22 0
P 39 36 0
P 24 21 0
P 36 12 0
P 31 11 0
P 18 29 0
P 32 30 0
P 37 25 0
P 37 36 0
P 20 30 0
P 9 25 0
P 9 36 0
P 39 9 0
P 19 39 0
P 27 9 0
P 14 27 0
P 14 38 0
P 40 22 0
P 33 34 0
P 17 34 0
P 40 33 0
P 28 33 0
P 35 32 0
P 12 22 0
P 12 33 0
P 22 36 0
P 36 31 0
P 13 32 0
P 20 20 0
P 20 31 0
P 21 16 0
P 31 30 0
P 15 30 0
P 34 37 0
P 34 26 0
P 30 39 0
P 34 15 0
P 29 25 0
P 29 14 0
P 39 28 0
P 39 39 0
P 22 9 0
P 27 39 0
P 16 34 0
P 23 33 0
P 23 22 0
P 11 33 0
P 11 22 0
P 37 28 0
P 37 17 0
P 24 32 0
P 9 17 0
P 32 13 0
P 19 31 0
P 19 20 0
P 9 28 0
P 38 27 0
P 38 38 0
P 14 30 0
P 14 19 0
P 33 37 0
P 26 10 0
P 17 15 0
P 17 26 0
P 27 29 0
P 33 26 0
P 12 14 0
P 15 29 0
P 22 17 0
P 22 39 0
P 40 16 0
P 22 28 0
P 10 39 0
P 10 28 0
P 36 23 0
P 13 24 0
P 13 35 0
P 13 13 0
P 25 18 0
P 34 18 0
P 20 14 0
P 30 31 0
P 30 20 0
P 33 27 0
P 15 13 0
P 32 32 0
P 18 31 0
P 39 20 0
P 21 27 0
P 21 38 0
P 16 26 0
P 16 15 0
P 26 29 0
P 10 29 0
P 11 14 0
P 29 36 0
P 37 9 0
P 40 35 0
P 24 13 0
P 24 35 0
P 24 24 0
P 9 9 0
P 19 12 0
P 19 23 0
P 38 19 0
P 38 30 0
P 25 37 0
P 14 11 0
P 32 33 0
P 32 22 0
P 18 32 0
P 33 18 0
P 26 13 0
P 20 33 0
P 27 21 0
P 20 22 0
P 27 10 0
P 27 32 0
P 39 12 0
P 22 20 0
