# start_x start_y start_z goal_x goal_y goal_z delay start_time
-1 -1 -1 3 5 5 0 0 0
-1 -1 -1 3 5 5 0 0 0
-1 -1 -1 3 5 5 0 0 0
-1 -1 -1 3 5 5 0 0 0
-1 -1 -1 3 5 5 0 0 0
-1 -1 -1 3 5 5 0 0 0
-1 -1 -1 3 5 5 0 0 0
-1 -1 -1 3 5 5 0 0 0
-1 -1 -1 3 5 5 0 0 0
-1 -1 -1 3 5 5 0 0 0
-1 -1 -1 3 5 5 0 0 0
-1 -1 -1 3 5 5 0 0 0
-1 -1 -1 3 5 5 0 0 0
-1 -1 -1 3 5 5 0 0 0
-1 -1 -1 3 5 5 0 2 0
-1 -1 -1 3 5 5 0 2 0
-1 -1 -1 3 5 5 0 0 0
-1 -1 -1 3 5 5 0 2 0
-1 -1 -1 3 5 5 0 2 0
-1 -1 -1 3 5 5 0 0 0
-1 -1 -1 3 5 5 0 2 0
-1 -1 -1 3 5 5 0 0 0
-1 -1 -1 3 5 5 0 2 0
-1 -1 -1 3 5 5 0 0 0
-1 -1 -1 3 5 5 0 0 0
-1 -1 -1 3 5 5 0 4 0
-1 -1 -1 3 5 5 0 2 0
-1 -1 -1 3 5 5 0 2 0
-1 -1 -1 3 5 5 0 0 0
-1 -1 -1 3 5 5 0 0 0
-1 -1 -1 3 5 5 0 4 0
-1 -1 -1 3 5 5 0 0 0
-1 -1 -1 3 5 5 0 0 0
-1 -1 -1 3 5 5 0 2 0
-1 -1 -1 3 5 5 0 2 0
-1 -1 -1 3 5 5 0 2 0
-1 -1 -1 3 5 5 0 0 0
-1 -1 -1 3 5 5 0 0 0
-1 -1 -1 3 5 5 0 2 0
-1 -1 -1 3 5 5 0 4 0
-1 -1 -1 3 5 5 0 0 0
-1 -1 -1 3 5 5 0 4 0
-1 -1 -1 3 5 5 0 0 0
-1 -1 -1 3 5 5 0 2 0
-1 -1 -1 3 5 5 0 2 0
-1 -1 -1 3 5 5 0 2 0
-1 -1 -1 3 5 5 0 2 0
-1 -1 -1 3 5 5 0 2 0
-1 -1 -1 3 5 5 0 0 0
-1 -1 -1 3 5 5 0 0 0
-1 -1 -1 3 5 5 0 0 0
-1 -1 -1 3 5 5 0 2 0
-1 -1 -1 3 5 5 0 2 0
-1 -1 -1 3 5 5 0 0 0
-1 -1 -1 3 5 5 0 4 0
-1 -1 -1 3 5 5 0 0 0
-1 -1 -1 3 5 5 0 0 0
-1 -1 -1 3 5 5 0 6 0
-1 -1 -1 3 5 5 0 6 0
-1 -1 -1 3 5 5 0 4 0
-1 -1 -1 3 5 5 0 2 0
-1 -1 -1 3 5 5 0 2 0
-1 -1 -1 3 5 5 0 4 0
-1 -1 -1 3 5 5 0 0 0
-1 -1 -1 3 5 5 0 2 0
-1 -1 -1 3 5 5 0 8 0
-1 -1 -1 3 5 5 0 4 0
-1 -1 -1 3 5 5 0 2 0
-1 -1 -1 3 5 5 0 4 0
-1 -1 -1 3 5 5 0 2 0
-1 -1 -1 3 5 5 0 6 0
-1 -1 -1 3 5 5 0 0 0
-1 -1 -1 3 5 5 0 0 0
-1 -1 -1 3 5 5 0 6 0
-1 -1 -1 3 5 5 0 8 0
-1 -1 -1 3 5 5 0 2 0
-1 -1 -1 3 5 5 0 6 0
-1 -1 -1 3 5 5 0 8 0
-1 -1 -1 3 5 5 0 4 0
-1 -1 -1 3 5 5 0 4 0
-1 -1 -1 3 5 5 0 4 0
-1 -1 -1 3 5 5 0 2 0
-1 -1 -1 3 5 5 0 4 0
-1 -1 -1 3 5 5 0 4 0
-1 -1 -1 3 5 5 0 6 0
-1 -1 -1 3 5 5 0 4 0
-1 -1 -1 3 5 5 0 4 0
-1 -1 -1 3 5 5 0 8 0
-1 -1 -1 3 5 5 0 2 0
-1 -1 -1 3 5 5 0 8 0
-1 -1 -1 3 5 5 0 10 0
-1 -1 -1 3 5 5 0 6 0
-1 -1 -1 3 5 5 0 2 0
-1 -1 -1 3 5 5 0 8 0
-1 -1 -1 3 5 5 0 6 0
-1 -1 -1 3 5 5 0 6 0
-1 -1 -1 3 5 5 0 2 0
-1 -1 -1 3 5 5 0 10 0
-1 -1 -1 3 5 5 0 2 0
-1 -1 -1 3 5 5 0 10 0
-1 -1 -1 3 5 5 0 2 0
-1 -1 -1 3 5 5 0 4 0
-1 -1 -1 3 5 5 0 6 0
-1 -1 -1 3 5 5 0 4 0
-1 -1 -1 3 5 5 0 10 0
-1 -1 -1 3 5 5 0 2 0
-1 -1 -1 3 5 5 0 4 0
-1 -1 -1 3 5 5 0 8 0
-1 -1 -1 3 5 5 0 10 0
-1 -1 -1 3 5 5 0 10 0
-1 -1 -1 3 5 5 0 6 0
-1 -1 -1 3 5 5 0 4 0
-1 -1 -1 3 5 5 0 4 0
-1 -1 -1 3 5 5 0 4 0
-1 -1 -1 3 5 5 0 6 0
-1 -1 -1 3 5 5 0 6 0
-1 -1 -1 3 5 5 0 6 0
-1 -1 -1 3 5 5 0 12 0
-1 -1 -1 3 5 5 0 4 0
-1 -1 -1 3 5 5 0 8 0
-1 -1 -1 3 5 5 0 6 0
-1 -1 -1 3 5 5 0 6 0
-1 -1 -1 3 5 5 0 4 0
-1 -1 -1 3 5 5 0 12 0
-1 -1 -1 3 5 5 0 8 0
-1 -1 -1 3 5 5 0 6 0
-1 -1 -1 3 5 5 0 6 0
-1 -1 -1 3 5 5 0 2 0
-1 -1 -1 3 5 5 0 6 0
-1 -1 -1 3 5 5 0 12 0
-1 -1 -1 3 5 5 0 4 0
-1 -1 -1 3 5 5 0 8 0
-1 -1 -1 3 5 5 0 6 0
-1 -1 -1 3 5 5 0 6 0
-1 -1 -1 3 5 5 0 4 0
-1 -1 -1 3 5 5 0 4 0
-1 -1 -1 3 5 5 0 6 0
-1 -1 -1 3 5 5 0 10 0
-1 -1 -1 3 5 5 0 8 0
-1 -1 -1 3 5 5 0 14 0
-1 -1 -1 3 5 5 0 6 0
-1 -1 -1 3 5 5 0 8 0
-1 -1 -1 3 5 5 0 10 0
-1 -1 -1 3 5 5 0 8 0
-1 -1 -1 3 5 5 0 12 0
-1 -1 -1 3 5 5 0 4 0
-1 -1 -1 3 5 5 0 10 0
-1 -1 -1 3 5 5 0 4 0
-1 -1 -1 3 5 5 0 8 0
-1 -1 -1 3 5 5 0 8 0
-1 -1 -1 3 5 5 0 12 0
-1 -1 -1 3 5 5 0 14 0
-1 -1 -1 3 5 5 0 8 0
-1 -1 -1 3 5 5 0 8 0
-1 -1 -1 3 5 5 0 6 0
-1 -1 -1 3 5 5 0 2 0
-1 -1 -1 3 5 5 0 8 0
-1 -1 -1 3 5 5 0 12 0
-1 -1 -1 3 5 5 0 8 0
-1 -1 -1 3 5 5 0 12 0
-1 -1 -1 3 5 5 0 8 0
-1 -1 -1 3 5 5 0 10 0
-1 -1 -1 3 5 5 0 10 0
-1 -1 -1 3 5 5 0 10 0
-1 -1 -1 3 5 5 0 8 0
-1 -1 -1 3 5 5 0 2 0
-1 -1 -1 3 5 5 0 10 0
-1 -1 -1 3 5 5 0 2 0
-1 -1 -1 3 5 5 0 4 0
-1 -1 -1 3 5 5 0 10 0
-1 -1 -1 3 5 5 0 6 0
-1 -1 -1 3 5 5 0 12 0
-1 -1 -1 3 5 5 0 14 0
-1 -1 -1 3 5 5 0 8 0
-1 -1 -1 3 5 5 0 16 0
-1 -1 -1 3 5 5 0 10 0
-1 -1 -1 3 5 5 0 4 0
-1 -1 -1 3 5 5 0 12 0
-1 -1 -1 3 5 5 0 10 0
-1 -1 -1 3 5 5 0 6 0
-1 -1 -1 3 5 5 0 14 0
-1 -1 -1 3 5 5 0 10 0
-1 -1 -1 3 5 5 0 14 0
-1 -1 -1 3 5 5 0 6 0
-1 -1 -1 3 5 5 0 6 0
-1 -1 -1 3 5 5 0 16 0
-1 -1 -1 3 5 5 0 10 0
-1 -1 -1 3 5 5 0 12 0
-1 -1 -1 3 5 5 0 12 0
-1 -1 -1 3 5 5 0 4 0
-1 -1 -1 3 5 5 0 8 0
-1 -1 -1 3 5 5 0 14 0
-1 -1 -1 3 5 5 0 10 0
-1 -1 -1 3 5 5 0 6 0
-1 -1 -1 3 5 5 0 12 0
-1 -1 -1 3 5 5 0 8 0
-1 -1 -1 3 5 5 0 16 0
-1 -1 -1 3 5 5 0 10 0
-1 -1 -1 3 5 5 0 18 0
-1 -1 -1 3 5 5 0 14 0
-1 -1 -1 3 5 5 0 12 0
-1 -1 -1 3 5 5 0 12 0
-1 -1 -1 3 5 5 0 14 0
-1 -1 -1 3 5 5 0 4 0
-1 -1 -1 3 5 5 0 16 0
-1 -1 -1 3 5 5 0 8 0
-1 -1 -1 3 5 5 0 16 0
-1 -1 -1 3 5 5 0 14 0
-1 -1 -1 3 5 5 0 18 0
-1 -1 -1 3 5 5 0 18 0
-1 -1 -1 3 5 5 0 10 0
-1 -1 -1 3 5 5 0 12 0
-1 -1 -1 3 5 5 0 16 0
-1 -1 -1 3 5 5 0 12 0
-1 -1 -1 3 5 5 0 8 0
-1 -1 -1 3 5 5 0 12 0
-1 -1 -1 3 5 5 0 16 0
-1 -1 -1 3 5 5 0 6 0
-1 -1 -1 3 5 5 0 10 0
-1 -1 -1 3 5 5 0 6 0
-1 -1 -1 3 5 5 0 10 0
-1 -1 -1 3 5 5 0 14 0
-1 -1 -1 3 5 5 0 14 0
-1 -1 -1 3 5 5 0 14 0
-1 -1 -1 3 5 5 0 8 0
-1 -1 -1 3 5 5 0 12 0
-1 -1 -1 3 5 5 0 20 0
-1 -1 -1 3 5 5 0 14 0
-1 -1 -1 3 5 5 0 22 0
-1 -1 -1 3 5 5 0 4 0
-1 -1 -1 3 5 5 0 14 0
-1 -1 -1 3 5 5 0 6 0
-1 -1 -1 3 5 5 0 8 0
-1 -1 -1 3 5 5 0 4 0
-1 -1 -1 3 5 5 0 16 0
-1 -1 -1 3 5 5 0 20 0
-1 -1 -1 3 5 5 0 16 0
-1 -1 -1 3 5 5 0 18 0
-1 -1 -1 3 5 5 0 6 0
-1 -1 -1 3 5 5 0 20 0
-1 -1 -1 3 5 5 0 16 0
-1 -1 -1 3 5 5 0 8 0
-1 -1 -1 3 5 5 0 10 0
-1 -1 -1 3 5 5 0 12 0
-1 -1 -1 3 5 5 0 18 0
-1 -1 -1 3 5 5 0 10 0
-1 -1 -1 3 5 5 0 4 0
-1 -1 -1 3 5 5 0 8 0
-1 -1 -1 3 5 5 0 6 0
-1 -1 -1 3 5 5 0 12 0
-1 -1 -1 3 5 5 0 12 0
-1 -1 -1 3 5 5 0 14 0
-1 -1 -1 3 5 5 0 10 0
-1 -1 -1 3 5 5 0 8 0
-1 -1 -1 3 5 5 0 12 0
-1 -1 -1 3 5 5 0 16 0
-1 -1 -1 3 5 5 0 12 0
-1 -1 -1 3 5 5 0 8 0
-1 -1 -1 3 5 5 0 20 0
-1 -1 -1 3 5 5 0 14 0
-1 -1 -1 3 5 5 0 18 0
-1 -1 -1 3 5 5 0 12 0
-1 -1 -1 3 5 5 0 10 0
-1 -1 -1 3 5 5 0 6 0
-1 -1 -1 3 5 5 0 10 0
-1 -1 -1 3 5 5 0 24 0
-1 -1 -1 3 5 5 0 6 0
-1 -1 -1 3 5 5 0 8 0
-1 -1 -1 3 5 5 0 12 0
-1 -1 -1 3 5 5 0 14 0
-1 -1 -1 3 5 5 0 14 0
-1 -1 -1 3 5 5 0 22 0
-1 -1 -1 3 5 5 0 16 0
-1 -1 -1 3 5 5 0 14 0
-1 -1 -1 3 5 5 0 12 0
-1 -1 -1 3 5 5 0 18 0
-1 -1 -1 3 5 5 0 12 0
-1 -1 -1 3 5 5 0 14 0
-1 -1 -1 3 5 5 0 8 0
-1 -1 -1 3 5 5 0 10 0
-1 -1 -1 3 5 5 0 22 0
-1 -1 -1 3 5 5 0 24 0
-1 -1 -1 3 5 5 0 16 0
-1 -1 -1 3 5 5 0 14 0
-1 -1 -1 3 5 5 0 24 0
-1 -1 -1 3 5 5 0 12 0
-1 -1 -1 3 5 5 0 18 0
-1 -1 -1 3 5 5 0 10 0
-1 -1 -1 3 5 5 0 18 0
-1 -1 -1 3 5 5 0 10 0
-1 -1 -1 3 5 5 0 18 0
-1 -1 -1 3 5 5 0 16 0
-1 -1 -1 3 5 5 0 18 0
-1 -1 -1 3 5 5 0 8 0
-1 -1 -1 3 5 5 0 16 0
-1 -1 -1 3 5 5 0 16 0
-1 -1 -1 3 5 5 0 18 0
-1 -1 -1 3 5 5 0 20 0
-1 -1 -1 3 5 5 0 26 0
-1 -1 -1 3 5 5 0 12 0
-1 -1 -1 3 5 5 0 18 0
-1 -1 -1 3 5 5 0 20 0
-1 -1 -1 3 5 5 0 16 0
-1 -1 -1 3 5 5 0 20 0
-1 -1 -1 3 5 5 0 20 0
-1 -1 -1 3 5 5 0 18 0
-1 -1 -1 3 5 5 0 14 0
-1 -1 -1 3 5 5 0 22 0
-1 -1 -1 3 5 5 0 20 0
-1 -1 -1 3 5 5 0 22 0
-1 -1 -1 3 5 5 0 20 0
-1 -1 -1 3 5 5 0 18 0
-1 -1 -1 3 5 5 0 22 0
-1 -1 -1 3 5 5 0 26 0
-1 -1 -1 3 5 5 0 16 0
-1 -1 -1 3 5 5 0 28 0
-1 -1 -1 3 5 5 0 18 0
-1 -1 -1 3 5 5 0 24 0
-1 -1 -1 3 5 5 0 20 0
-1 -1 -1 3 5 5 0 8 0
-1 -1 -1 3 5 5 0 12 0
-1 -1 -1 3 5 5 0 20 0
-1 -1 -1 3 5 5 0 20 0
-1 -1 -1 3 5 5 0 16 0
-1 -1 -1 3 5 5 0 22 0
-1 -1 -1 3 5 5 0 10 0
-1 -1 -1 3 5 5 0 18 0
-1 -1 -1 3 5 5 0 18 0
-1 -1 -1 3 5 5 0 24 0
-1 -1 -1 3 5 5 0 14 0
-1 -1 -1 3 5 5 0 26 0
-1 -1 -1 3 5 5 0 28 0
-1 -1 -1 3 5 5 0 22 0
-1 -1 -1 3 5 5 0 30 0
-1 -1 -1 3 5 5 0 30 0
-1 -1 -1 3 5 5 0 14 0
-1 -1 -1 3 5 5 0 22 0
-1 -1 -1 3 5 5 0 26 0
-1 -1 -1 3 5 5 0 16 0
-1 -1 -1 3 5 5 0 24 0
-1 -1 -1 3 5 5 0 24 0
-1 -1 -1 3 5 5 0 16 0
-1 -1 -1 3 5 5 0 10 0
-1 -1 -1 3 5 5 0 32 0
-1 -1 -1 3 5 5 0 26 0
-1 -1 -1 3 5 5 0 22 0
-1 -1 -1 3 5 5 0 20 0
-1 -1 -1 3 5 5 0 16 0
-1 -1 -1 3 5 5 0 22 0
-1 -1 -1 3 5 5 0 20 0
-1 -1 -1 3 5 5 0 28 0
-1 -1 -1 3 5 5 0 14 0
-1 -1 -1 3 5 5 0 16 0
-1 -1 -1 3 5 5 0 26 0
-1 -1 -1 3 5 5 0 24 0
-1 -1 -1 3 5 5 0 12 0
-1 -1 -1 3 5 5 0 10 0
-1 -1 -1 3 5 5 0 14 0
-1 -1 -1 3 5 5 0 14 0
-1 -1 -1 3 5 5 0 10 0
-1 -1 -1 3 5 5 0 18 0
-1 -1 -1 3 5 5 0 26 0
-1 -1 -1 3 5 5 0 14 0
-1 -1 -1 3 5 5 0 20 0
-1 -1 -1 3 5 5 0 14 0
-1 -1 -1 3 5 5 0 12 0
-1 -1 -1 3 5 5 0 20 0
-1 -1 -1 3 5 5 0 28 0
-1 -1 -1 3 5 5 0 10 0
-1 -1 -1 3 5 5 0 14 0
-1 -1 -1 3 5 5 0 28 0
-1 -1 -1 3 5 5 0 30 0
-1 -1 -1 3 5 5 0 24 0
-1 -1 -1 3 5 5 0 28 0
-1 -1 -1 3 5 5 0 24 0
-1 -1 -1 3 5 5 0 18 0
-1 -1 -1 3 5 5 0 22 0
-1 -1 -1 3 5 5 0 12 0
-1 -1 -1 3 5 5 0 12 0
-1 -1 -1 3 5 5 0 32 0
-1 -1 -1 3 5 5 0 22 0
-1 -1 -1 3 5 5 0 34 0
-1 -1 -1 3 5 5 0 20 0
-1 -1 -1 3 5 5 0 18 0
-1 -1 -1 3 5 5 0 24 0
-1 -1 -1 3 5 5 0 16 0
-1 -1 -1 3 5 5 0 26 0
-1 -1 -1 3 5 5 0 14 0
-1 -1 -1 3 5 5 0 14 0
-1 -1 -1 3 5 5 0 16 0
-1 -1 -1 3 5 5 0 26 0
-1 -1 -1 3 5 5 0 28 0
-1 -1 -1 3 5 5 0 16 0
-1 -1 -1 3 5 5 0 22 0
-1 -1 -1 3 5 5 0 24 0
-1 -1 -1 3 5 5 0 16 0
-1 -1 -1 3 5 5 0 30 0
-1 -1 -1 3 5 5 0 30 0
-1 -1 -1 3 5 5 0 12 0
-1 -1 -1 3 5 5 0 18 0
-1 -1 -1 3 5 5 0 24 0
-1 -1 -1 3 5 5 0 28 0
-1 -1 -1 3 5 5 0 18 0
-1 -1 -1 3 5 5 0 20 0
-1 -1 -1 3 5 5 0 16 0
-1 -1 -1 3 5 5 0 18 0
-1 -1 -1 3 5 5 0 20 0
-1 -1 -1 3 5 5 0 16 0
-1 -1 -1 3 5 5 0 20 0
-1 -1 -1 3 5 5 0 26 0
-1 -1 -1 3 5 5 0 26 0
-1 -1 -1 3 5 5 0 30 0
-1 -1 -1 3 5 5 0 16 0
-1 -1 -1 3 5 5 0 32 0
-1 -1 -1 3 5 5 0 22 0
-1 -1 -1 3 5 5 0 18 0
-1 -1 -1 3 5 5 0 18 0
-1 -1 -1 3 5 5 0 28 0
-1 -1 -1 3 5 5 0 18 0
-1 -1 -1 3 5 5 0 16 0
-1 -1 -1 3 5 5 0 14 0
-1 -1 -1 3 5 5 0 30 0
-1 -1 -1 3 5 5 0 16 0
-1 -1 -1 3 5 5 0 20 0
-1 -1 -1 3 5 5 0 20 0
-1 -1 -1 3 5 5 0 26 0
-1 -1 -1 3 5 5 0 32 0
-1 -1 -1 3 5 5 0 34 0
-1 -1 -1 3 5 5 0 34 0
-1 -1 -1 3 5 5 0 32 0
-1 -1 -1 3 5 5 0 24 0
-1 -1 -1 3 5 5 0 14 0
-1 -1 -1 3 5 5 0 26 0
-1 -1 -1 3 5 5 0 16 0
-1 -1 -1 3 5 5 0 34 0
-1 -1 -1 3 5 5 0 28 0
-1 -1 -1 3 5 5 0 14 0
-1 -1 -1 3 5 5 0 22 0
-1 -1 -1 3 5 5 0 22 0
-1 -1 -1 3 5 5 0 28 0
-1 -1 -1 3 5 5 0 20 0
-1 -1 -1 3 5 5 0 26 0
-1 -1 -1 3 5 5 0 20 0
-1 -1 -1 3 5 5 0 18 0
-1 -1 -1 3 5 5 0 12 0
-1 -1 -1 3 5 5 0 36 0
-1 -1 -1 3 5 5 0 20 0
-1 -1 -1 3 5 5 0 22 0
-1 -1 -1 3 5 5 0 22 0
-1 -1 -1 3 5 5 0 32 0
-1 -1 -1 3 5 5 0 22 0
-1 -1 -1 3 5 5 0 30 0
-1 -1 -1 3 5 5 0 28 0
-1 -1 -1 3 5 5 0 22 0
-1 -1 -1 3 5 5 0 22 0
-1 -1 -1 3 5 5 0 28 0
-1 -1 -1 3 5 5 0 20 0
-1 -1 -1 3 5 5 0 18 0
-1 -1 -1 3 5 5 0 24 0
-1 -1 -1 3 5 5 0 24 0
-1 -1 -1 3 5 5 0 32 0
-1 -1 -1 3 5 5 0 16 0
-1 -1 -1 3 5 5 0 18 0
-1 -1 -1 3 5 5 0 18 0
-1 -1 -1 3 5 5 0 20 0
-1 -1 -1 3 5 5 0 36 0
-1 -1 -1 3 5 5 0 30 0
-1 -1 -1 3 5 5 0 20 0
-1 -1 -1 3 5 5 0 34 0
-1 -1 -1 3 5 5 0 22 0
-1 -1 -1 3 5 5 0 26 0
-1 -1 -1 3 5 5 0 30 0
-1 -1 -1 3 5 5 0 14 0
-1 -1 -1 3 5 5 0 24 0
-1 -1 -1 3 5 5 0 24 0
-1 -1 -1 3 5 5 0 16 0
-1 -1 -1 3 5 5 0 18 0
-1 -1 -1 3 5 5 0 18 0
-1 -1 -1 3 5 5 0 34 0
-1 -1 -1 3 5 5 0 30 0
-1 -1 -1 3 5 5 0 36 0
-1 -1 -1 3 5 5 0 22 0
-1 -1 -1 3 5 5 0 30 0
-1 -1 -1 3 5 5 0 28 0
-1 -1 -1 3 5 5 0 32 0
-1 -1 -1 3 5 5 0 36 0
-1 -1 -1 3 5 5 0 24 0
-1 -1 -1 3 5 5 0 22 0
-1 -1 -1 3 5 5 0 20 0
-1 -1 -1 3 5 5 0 38 0
-1 -1 -1 3 5 5 0 26 0
-1 -1 -1 3 5 5 0 38 0
-1 -1 -1 3 5 5 0 16 0
-1 -1 -1 3 5 5 0 20 0
-1 -1 -1 3 5 5 0 26 0
-1 -1 -1 3 5 5 0 22 0
-1 -1 -1 3 5 5 0 22 0
-1 -1 -1 3 5 5 0 22 0
-1 -1 -1 3 5 5 0 24 0
-1 -1 -1 3 5 5 0 24 0
-1 -1 -1 3 5 5 0 18 0
-1 -1 -1 3 5 5 0 28 0
-1 -1 -1 3 5 5 0 36 0
-1 -1 -1 3 5 5 0 32 0
-1 -1 -1 3 5 5 0 40 0
-1 -1 -1 3 5 5 0 24 0
-1 -1 -1 3 5 5 0 32 0
-1 -1 -1 3 5 5 0 30 0
-1 -1 -1 3 5 5 0 20 0
-1 -1 -1 3 5 5 0 32 0
-1 -1 -1 3 5 5 0 38 0
-1 -1 -1 3 5 5 0 24 0
-1 -1 -1 3 5 5 0 20 0
-1 -1 -1 3 5 5 0 26 0
-1 -1 -1 3 5 5 0 22 0
-1 -1 -1 3 5 5 0 24 0
-1 -1 -1 3 5 5 0 26 0
-1 -1 -1 3 5 5 0 38 0
-1 -1 -1 3 5 5 0 34 0
-1 -1 -1 3 5 5 0 32 0
-1 -1 -1 3 5 5 0 34 0
-1 -1 -1 3 5 5 0 36 0
-1 -1 -1 3 5 5 0 28 0
-1 -1 -1 3 5 5 0 28 0
-1 -1 -1 3 5 5 0 32 0
-1 -1 -1 3 5 5 0 26 0
-1 -1 -1 3 5 5 0 22 0
-1 -1 -1 3 5 5 0 24 0
-1 -1 -1 3 5 5 0 22 0
-1 -1 -1 3 5 5 0 18 0
-1 -1 -1 3 5 5 0 34 0
-1 -1 -1 3 5 5 0 20 0
-1 -1 -1 3 5 5 0 26 0
-1 -1 -1 3 5 5 0 28 0
-1 -1 -1 3 5 5 0 40 0
-1 -1 -1 3 5 5 0 40 0
-1 -1 -1 3 5 5 0 24 0
-1 -1 -1 3 5 5 0 28 0
-1 -1 -1 3 5 5 0 26 0
-1 -1 -1 3 5 5 0 22 0
-1 -1 -1 3 5 5 0 28 0
-1 -1 -1 3 5 5 0 26 0
-1 -1 -1 3 5 5 0 30 0
-1 -1 -1 3 5 5 0 42 0
-1 -1 -1 3 5 5 0 28 0
-1 -1 -1 3 5 5 0 34 0
-1 -1 -1 3 5 5 0 24 0
-1 -1 -1 3 5 5 0 42 0
-1 -1 -1 3 5 5 0 44 0
-1 -1 -1 3 5 5 0 34 0
